Load cell Y,,Dis Y,delta_loadcell,delta_y,K,t
83.833,,0,,,,1
83.833,,0,0,0,0,2
83.833,,-0.001,0,-0.001,0,3
83.833,,-0.001,0,0,0,4
83.833,,-0.002,0,-0.001,0,5
83.833,,-0.004,0,-0.002,0,6
84,,-0.004,0.167,0,0,7
84,,-0.006,0,-0.002,0,8
84,,-0.008,0,-0.002,0,9
84,,-0.01,0,-0.002,0,10
84.167,,-0.013,0.167,-0.003,-55.66666667,11
84.167,,-0.016,0,-0.003,0,12
84.167,,-0.017,0,-0.001,0,13
84.167,,-0.018,0,-0.001,0,14
84.167,,-0.018,0,0,0,15
84.333,,-0.022,0.166,-0.004,-41.5,16
84.333,,-0.024,0,-0.002,0,17
84.333,,-0.028,0,-0.004,0,18
84.333,,-0.03,0,-0.002,0,19
84.333,,-0.034,0,-0.004,0,20
84.333,,-0.038,0,-0.004,0,21
84.167,,-0.039,-0.166,-0.001,166,22
83.5,,-0.041,-0.667,-0.002,333.5,23
83,,-0.045,-0.5,-0.004,125,24
82.167,,-0.046,-0.833,-0.001,833,25
81.5,,-0.048,-0.667,-0.002,333.5,26
81,,-0.051,-0.5,-0.003,166.6666667,27
80.333,,-0.053,-0.667,-0.002,333.5,28
79.5,,-0.055,-0.833,-0.002,416.5,29
79,,-0.057,-0.5,-0.002,250,30
78.5,,-0.062,-0.5,-0.005,100,31
77.833,,-0.064,-0.667,-0.002,333.5,32
77.333,,-0.067,-0.5,-0.003,166.6666667,33
76.5,,-0.07,-0.833,-0.003,277.6666667,34
76,,-0.072,-0.5,-0.002,250,35
75.5,,-0.074,-0.5,-0.002,250,36
74.833,,-0.075,-0.667,-0.001,667,37
74.333,,-0.08,-0.5,-0.005,100,38
73.833,,-0.081,-0.5,-0.001,500,39
73.167,,-0.085,-0.666,-0.004,166.5,40
72.833,,-0.087,-0.334,-0.002,167,41
72.167,,-0.088,-0.666,-0.001,666,42
71.5,,-0.09,-0.667,-0.002,333.5,43
71,,-0.094,-0.5,-0.004,125,44
70.333,,-0.096,-0.667,-0.002,333.5,45
69.667,,-0.1,-0.666,-0.004,166.5,46
69.333,,-0.101,-0.334,-0.001,334,47
68.667,,-0.102,-0.666,-0.001,666,48
68.167,,-0.104,-0.5,-0.002,250,49
67.667,,-0.108,-0.5,-0.004,125,50
67.167,,-0.114,-0.5,-0.006,83.33333333,51
66.667,,-0.116,-0.5,-0.002,250,52
66.167,,-0.119,-0.5,-0.003,166.6666667,53
65.667,,-0.12,-0.5,-0.001,500,54
65.333,,-0.121,-0.334,-0.001,334,55
64.833,,-0.123,-0.5,-0.002,250,56
64.167,,-0.127,-0.666,-0.004,166.5,57
63.667,,-0.129,-0.5,-0.002,250,58
63.167,,-0.134,-0.5,-0.005,100,59
62.667,,-0.135,-0.5,-0.001,500,60
62.167,,-0.14,-0.5,-0.005,100,61
61.833,,-0.142,-0.334,-0.002,167,62
61.333,,-0.146,-0.5,-0.004,125,63
60.833,,-0.148,-0.5,-0.002,250,64
60.333,,-0.15,-0.5,-0.002,250,65
59.833,,-0.154,-0.5,-0.004,125,66
59.5,,-0.156,-0.333,-0.002,166.5,67
59,,-0.157,-0.5,-0.001,500,68
58.667,,-0.16,-0.333,-0.003,111,69
58,,-0.16,-0.667,0,0,70
57.667,,-0.161,-0.333,-0.001,333,71
57.5,,-0.162,-0.167,-0.001,167,72
57.333,,-0.162,-0.167,0,0,73
56.833,,-0.164,-0.5,-0.002,250,74
56.667,,-0.167,-0.166,-0.003,55.33333333,75
56.5,,-0.17,-0.167,-0.003,55.66666667,76
55.833,,-0.172,-0.667,-0.002,333.5,77
55.333,,-0.173,-0.5,-0.001,500,78
55,,-0.174,-0.333,-0.001,333,79
54.5,,-0.174,-0.5,0,0,80
53.833,,-0.175,-0.667,-0.001,667,81
53.833,,-0.176,0,-0.001,0,82
53.5,,-0.178,-0.333,-0.002,166.5,83
53.167,,-0.178,-0.333,0,0,84
52.667,,-0.179,-0.5,-0.001,500,85
52.5,,-0.181,-0.167,-0.002,83.5,86
52.5,,-0.183,0,-0.002,0,87
51.833,,-0.186,-0.667,-0.003,222.3333333,88
51.5,,-0.191,-0.333,-0.005,66.6,89
50.833,,-0.192,-0.667,-0.001,667,90
50.5,,-0.192,-0.333,0,0,91
50,,-0.194,-0.5,-0.002,250,92
49.833,,-0.195,-0.167,-0.001,167,93
49.667,,-0.2,-0.166,-0.005,33.2,94
49,,-0.203,-0.667,-0.003,222.3333333,95
48.667,,-0.208,-0.333,-0.005,66.6,96
48.167,,-0.208,-0.5,0,0,97
47.667,,-0.208,-0.5,0,0,98
47.667,,-0.208,0,0,0,99
47.667,,-0.209,0,-0.001,0,100
47.833,,-0.209,0.166,0,0,101
47.5,,-0.209,-0.333,0,0,102
47.333,,-0.21,-0.167,-0.001,167,103
47.5,,-0.211,0.167,-0.001,-167,104
47.167,,-0.213,-0.333,-0.002,166.5,105
46.667,,-0.216,-0.5,-0.003,166.6666667,106
46.333,,-0.217,-0.334,-0.001,334,107
45.667,,-0.217,-0.666,0,0,108
45.333,,-0.219,-0.334,-0.002,167,109
45.167,,-0.217,-0.166,0.002,-83,110
45.167,,-0.216,0,0.001,0,111
44.833,,-0.216,-0.334,0,0,112
45.167,,-0.215,0.334,0.001,334,113
45.333,,-0.215,0.166,0,0,114
45.333,,-0.216,0,-0.001,0,115
45.333,,-0.216,0,0,0,116
45.5,,-0.221,0.167,-0.005,-33.4,117
45.5,,-0.224,0,-0.003,0,118
45.667,,-0.227,0.167,-0.003,-55.66666667,119
45.667,,-0.229,0,-0.002,0,120
45.333,,-0.231,-0.334,-0.002,167,121
45,,-0.232,-0.333,-0.001,333,122
44.5,,-0.231,-0.5,0.001,-500,123
44.167,,-0.232,-0.333,-0.001,333,124
43.833,,-0.233,-0.334,-0.001,334,125
43.833,,-0.233,0,0,0,126
44,,-0.234,0.167,-0.001,-167,127
43.5,,-0.234,-0.5,0,0,128
43.333,,-0.236,-0.167,-0.002,83.5,129
43.167,,-0.238,-0.166,-0.002,83,130
43,,-0.24,-0.167,-0.002,83.5,131
42.667,,-0.242,-0.333,-0.002,166.5,132
42.167,,-0.244,-0.5,-0.002,250,133
41.667,,-0.244,-0.5,0,0,134
41.167,,-0.245,-0.5,-0.001,500,135
41,,-0.245,-0.167,0,0,136
40.833,,-0.246,-0.167,-0.001,167,137
40.667,,-0.245,-0.166,0.001,-166,138
40.5,,-0.245,-0.167,0,0,139
40.333,,-0.244,-0.167,0.001,-167,140
40.5,,-0.244,0.167,0,0,141
40.5,,-0.244,0,0,0,142
40.667,,-0.246,0.167,-0.002,-83.5,143
40.667,,-0.247,0,-0.001,0,144
40.833,,-0.251,0.166,-0.004,-41.5,145
40.833,,-0.254,0,-0.003,0,146
40.5,,-0.258,-0.333,-0.004,83.25,147
40.167,,-0.26,-0.333,-0.002,166.5,148
39.667,,-0.261,-0.5,-0.001,500,149
39.333,,-0.26,-0.334,0.001,-334,150
38.833,,-0.258,-0.5,0.002,-250,151
38.667,,-0.257,-0.166,0.001,-166,152
38.667,,-0.257,0,0,0,153
38.833,,-0.258,0.166,-0.001,-166,154
38.833,,-0.26,0,-0.002,0,155
39,,-0.261,0.167,-0.001,-167,156
39,,-0.263,0,-0.002,0,157
39.167,,-0.266,0.167,-0.003,-55.66666667,158
39,,-0.268,-0.167,-0.002,83.5,159
38.5,,-0.27,-0.5,-0.002,250,160
38,,-0.271,-0.5,-0.001,500,161
37.667,,-0.272,-0.333,-0.001,333,162
37.167,,-0.272,-0.5,0,0,163
36.833,,-0.273,-0.334,-0.001,334,164
36.5,,-0.273,-0.333,0,0,165
36.5,,-0.273,0,0,0,166
36.333,,-0.274,-0.167,-0.001,167,167
36.167,,-0.275,-0.166,-0.001,166,168
36.333,,-0.276,0.166,-0.001,-166,169
35.833,,-0.278,-0.5,-0.002,250,170
35.5,,-0.279,-0.333,-0.001,333,171
34.833,,-0.28,-0.667,-0.001,667,172
34.5,,-0.28,-0.333,0,0,173
33.833,,-0.279,-0.667,0.001,-667,174
33.667,,-0.279,-0.166,0,0,175
33.833,,-0.277,0.166,0.002,83,176
33.833,,-0.276,0,0.001,0,177
33.833,,-0.276,0,0,0,178
34,,-0.276,0.167,0,0,179
34,,-0.277,0,-0.001,0,180
34,,-0.278,0,-0.001,0,181
34,,-0.28,0,-0.002,0,182
34.167,,-0.281,0.167,-0.001,-167,183
34.167,,-0.283,0,-0.002,0,184
33.833,,-0.285,-0.334,-0.002,167,185
33.667,,-0.286,-0.166,-0.001,166,186
33.5,,-0.285,-0.167,0.001,-167,187
33.333,,-0.285,-0.167,0,0,188
33.333,,-0.283,0,0.002,0,189
33.333,,-0.281,0,0.002,0,190
33.333,,-0.28,0,0.001,0,191
33.333,,-0.279,0,0.001,0,192
33.333,,-0.279,0,0,0,193
33.333,,-0.279,0,0,0,194
33.333,,-0.279,0,0,0,195
33.333,,-0.279,0,0,0,196
33.333,,-0.279,0,0,0,197
33.333,,-0.279,0,0,0,198
33.333,,-0.279,0,0,0,199
33.333,,-0.278,0,0.001,0,200
33.167,,-0.278,-0.166,0,0,201
33.167,,-0.279,0,-0.001,0,202
33.167,,-0.279,0,0,0,203
33.167,,-0.278,0,0.001,0,204
33.167,,-0.278,0,0,0,205
33.167,,-0.278,0,0,0,206
33.167,,-0.278,0,0,0,207
33.167,,-0.277,0,0.001,0,208
33.167,,-0.277,0,0,0,209
33.167,,-0.277,0,0,0,210
33.167,,-0.277,0,0,0,211
33.167,,-0.277,0,0,0,212
33.167,,-0.277,0,0,0,213
33.167,,-0.277,0,0,0,214
33.167,,-0.278,0,-0.001,0,215
